2 10
5 8
1 2

  0.000000  3.605551  8.062258
  5.000000  4.242640  3.162278
  8.485281  5.000000  7.280110
  3.605551  0.000000  7.211102
  7.071068  3.605551  6.708204
  7.211102  4.123106  5.385165
  8.062258  7.211102  0.000000
  2.236068  1.414214  7.615773

1 0 0
0 0 1
0 1 0
0 1 0
0 1 0
0 1 0
0 0 1
0 1 0

  2.000000 10.000000
  6.000000  6.000000
  1.500000  3.500000

  0.000000  5.656854  6.519202
  5.000000  4.123106  1.581139
  8.485281  2.828427  6.519202
  3.605551  2.236068  5.700877
  7.071068  1.414214  5.700877
  7.211102  2.000000  4.527693
  8.062258  6.403124  1.581139
  2.236068  3.605551  6.041523

1 0 0
0 0 1
0 1 0
0 1 0
0 1 0
0 1 0
0 0 1
1 0 0

  3.000000  9.500000
  6.500000  5.250000
  1.500000  3.500000

  1.118034  6.543126  6.519202
  4.609772  4.506939  1.581139
  7.433034  1.952562  6.519202
  2.500000  3.132491  5.700877
  6.020797  0.559017  5.700877
  6.264982  1.346291  4.527693
  7.762087  6.388466  1.581139
  1.118034  4.506939  6.041523

1 0 0
0 0 1
0 1 0
1 0 0
0 1 0
0 1 0
0 0 1
1 0 0

  3.666667  9.000000
  7.000000  4.333333
  1.500000  3.500000

  1.943651  7.557189  6.519202
  4.333333  5.044249  1.581139
  6.616477  1.054093  6.519202
  1.666667  4.176654  5.700877
  5.206833  0.666667  5.700877
  5.517649  1.054093  4.527693
  7.490735  6.437736  1.581139
  0.333333  5.547772  6.041523

1 0 0
0 0 1
0 1 0
1 0 0
0 1 0
0 1 0
0 0 1
1 0 0

  3.666667  9.000000
  7.000000  4.333333
  1.500000  3.500000